|-----------|-----------|
| Example 1 | Example 2 |
|-----------|-----------|
| 128 |  0  | 128 |  0  |
| 64  |  0  | 64  |  0  |
| 32  |  0  | 32  |  0  |
| 16  |  0  | 16  |  0  |
| 8   |  1  | 8   |  0  |
| 4   |  0  | 4   |  0  |
| 2   |  0  | 2   |  1  |
| 1   |  1  | 1   |  1  |
|-----|-----|-----|-----|
| 128 |  0  | 128 |  0  |
| 64  |  0  | 64  |  0  |
| 32  |  0  | 32  |  0  |
| 16  |  0  | 16  |  0  |
| 8   |  0  | 8   |  0  |
| 4   |  0  | 4   |  0  |
| 2   |  0  | 2   |  0  |
| 1   |  1  | 1   |  0  |
|-----|-----|-----|-----|
| 128 |  0  | 128 |  1  |
| 64  |  0  | 64  |  0  |
| 32  |  1  | 32  |  0  |
| 16  |  1  | 16  |  0  |
| 8   |  0  | 8   |  1  |
| 4   |  1  | 4   |  1  |
| 2   |  0  | 2   |  0  |
| 1   |  1  | 1   |  1  |
|-----------|-----------|
| 9 . 0 5 3 | 3 . 1 4 1 |
|-----------|-----------|
